7.718281828459045
7.765601015016916
7.813194763964297
7.86106583469908
7.90921701435156
7.957651118063164
8.006370989267959
8.055379499976997
8.104679551065525
8.154274072563066
8.204166023946433
8.254358394435677
8.304854203293003
8.355656500124713
8.406768365186156
8.458192909689767
8.509933276116186
8.561992638528501
8.614374202889671
8.66708120738312
8.720116922736548
8.773484652549024
8.827187733621336
8.881229536289675
8.935613464762676
8.990342957461843
9.045421487365383
9.100852562355522
9.156639725569283
9.21278655575281
9.269296667619246
9.3261737122102
9.383421377260865
9.441043387568783
9.499043505366338
9.557425530696976
9.616193301795217
9.675350695470474
9.73490162749475
9.794850052994203
9.855199966844676
9.915955404071179
9.977120440251394
10.038699191923248
10.100695816996556
10.16311451516882
10.225959528345209
10.289235141062743
10.35294568091876
10.417095519003668
10.481689070338067
10.546730794314255
10.612225195142162
10.678176822299784
10.74459027098813
10.811470182590744
10.878821245137857
10.946648193775182
11.014955811237437
11.083748928326626
11.153032424395118
11.222811227833592
11.293090316563871
11.36387471853673
11.435169512234685
11.506979827179853
11.579310844446903
11.652167797181171
11.72555597112198
11.799480705131211
11.873947391727205
11.948961477624009
12.02452846427606
12.100653908428326
12.177343422671996
12.254602676005735
12.332437394402593
12.410853361382607
12.489856418591152
12.569452466383119
12.64964746441295
12.730447432230616
12.811858449883559
12.893886658524723
12.976538261026663
13.059819522601838
13.14373677142914
13.228296399286718
13.313504862191156
13.399368681043084
13.485894442279276
13.573088798531293
13.660958469290758
13.7495102415813
13.83875097063728
13.928687580589301
14.019327065156642
14.110676488346622
14.20274298516102
14.295533762309574
